%YAML:1.0
---
CAM_MODEL: cvfisheye
camera_type: mono
hfov: 85.43911435377541
vfov: 54.879315965880636
loss_hfov: 85.43911435377541
loss_vfov: 54.879315965880636
K:
  rows: 3
  cols: 3
  dt: d
  data: [1039.629789125869, 0.0, 952.791589720942, 0.0, 1040.0031052807421, 564.537119830339,
    0.0, 0.0, 1.0]
D:
  rows: 4
  cols: 1
  dt: d
  data: [0.3197467703825762, 0.20495472569710596, -0.08348897239306383, 0.02909006218747428]
R:
  rows: 3
  cols: 3
  dt: d
  data: [1.0, 0.0, 0.0, 0.0, 1.0, 0.0, 0.0, 0.0, 1.0]
P:
  rows: 3
  cols: 3
  dt: d
  data: [1039.629789125869, 0.0, 952.791589720942, 0.0, 1040.0031052807421, 564.537119830339,
    0.0, 0.0, 1.0]
lossP:
  rows: 3
  cols: 3
  dt: d
  data: [1039.629789125869, 0.0, 952.791589720942, 0.0, 1040.0031052807421, 564.537119830339,
    0.0, 0.0, 1.0]
imgSize: !!python/tuple [1920, 1080]
errLeft: 0.20768360808594563
